131072
[1, 52]
[1, 52, 168873]
[1, 52, 168873, 2943911]
[1, 52, 168873, 2943911, 2513313]
[1, 52, 168873, 2943911, 2513313, 83163]
[1, 52, 168873, 2943911, 2513313, 83163, 476]
[1, 52, 168873, 2943911, 2513313, 83163, 476, 8]
[1, 52, 168873, 2943911, 2513313, 83163, 476, 8, 1]
[1, 52, 168873, 2943911, 2513313, 83163, 476, 8, 1, 1]
[1, 52, 168873, 2943911, 2513313, 83163, 476, 8, 1, 1, 1]
[1, 52, 168873, 2943911, 2513313, 83163, 476, 8, 1, 1, 1, 0]
Number of Nodes Left= 1193
3561984
[1, 1]
[1, 1, 0]
Number of Nodes Left= 1191
2789632
[1, 2]
[1, 2, 0]
Number of Nodes Left= 1188
5004160
[1, 1]
[1, 1, 0]
Number of Nodes Left= 1186
2982912
[1, 1]
[1, 1, 0]
Number of Nodes Left= 1184
3135616
