# Your discussion here

P5 Shortest Path (from Bacon to Harvard):
Nodes: ['2729536', u'1124925', '2152782']
Path: [u'Kevin_Bacon', u'College_Bowl', u'Harvard_University']   

Nodes: ['2152782',  u'1185660', u'1531600','2729536']
Path: [u'Harvard_University', u'Cornell_University', u'Edmund_Bacon', u'Kevin_Bacon']

P5 Connected Components:

Graph 1: Converted all edges to bidirectional links 
Largest connected component: 5709800
Number of connected components: 559 

Graph 2: Converted only bidirectional edges to node links 
559 connected components. Largest connected components: 5709800
Largest Connected Component: 1979400
Number of connected components: (I had 519 components before my code crashed)


Graph 1 Raw Data (number of nodes per connected component):
[5709800, 2, 2, 2, 2, 3, 2, 2, 2, 2, 2, 2, 2, 2, 2, 2, 2, 3, 2, 2, 2, 4, 2, 2, 4, 2, 3, 2, 5, 2, 2, 3, 2, 2, 4, 2, 2, 2, 2, 2, 2, 2, 2, 2, 2, 2, 2, 3, 2, 2, 2, 2, 2, 2, 2, 2, 2, 2, 2, 2, 2, 2, 2, 2, 4, 2, 2, 2, 2, 2, 2, 3, 2, 2, 3, 2, 2, 2, 2, 3, 2, 2, 2, 4, 2, 2, 2, 2, 2, 3, 2, 2, 2, 2, 2, 2, 2, 2, 2, 2, 4, 2, 2, 2, 2, 2, 2, 3, 2, 2, 4, 2, 2, 3, 2, 2, 2, 2, 2, 2, 2, 2, 2, 2, 2, 2, 2, 2, 2, 2, 2, 2, 2, 2, 2, 2, 2, 2, 2, 2, 2, 2, 2, 2, 3, 2, 3, 2, 2, 2, 2, 2, 4, 2, 2, 2, 3, 2, 2, 2, 2, 2, 2, 2, 2, 2, 2, 2, 2, 2, 2, 2, 2, 2, 2, 2, 2, 2, 2, 2, 2, 3, 5, 2, 2, 2, 2, 2, 2, 2, 2, 2, 2, 2, 2, 3, 2, 2, 2, 3, 2, 4, 2, 2, 2, 2, 2, 2, 2, 2, 2, 2, 2, 2, 2, 2, 2, 2, 2, 2, 2, 2, 2, 2, 2, 2, 2, 2, 2, 2, 2, 2, 2, 2, 2, 2, 2, 2, 4, 2, 2, 2, 2, 2, 2, 2, 3, 2, 2, 2, 2, 2, 2, 2, 2, 2, 3, 2, 2, 2, 2, 2, 2, 2, 2, 2, 3, 5, 2, 2, 2, 2, 2, 2, 2, 2, 2, 2, 2, 2, 2, 3, 2, 2, 2, 2, 2, 2, 2, 2, 2, 2, 2, 2, 2, 2, 2, 2, 2, 2, 2, 2, 3, 2, 2, 2, 2, 2, 2, 3, 2, 2, 2, 6, 2, 2, 2, 2, 2, 2, 2, 2, 2, 2, 2, 2, 2, 2, 2, 2, 2, 2, 2, 3, 2, 2, 2, 2, 2, 2, 2, 2, 2, 2, 2, 2, 2, 2, 2, 2, 2, 2, 2, 2, 2, 2, 2, 2, 2, 2, 2, 2, 2, 2, 2, 2, 2, 2, 2, 2, 2, 3, 2, 2, 2, 2, 2, 3, 2, 2, 2, 2, 5, 2, 2, 2, 2, 2, 2, 2, 2, 2, 2, 2, 2, 2, 2, 2, 2, 2, 2, 2, 2, 2, 2, 2, 2, 2, 2, 2, 2, 2, 2, 2, 2, 2, 2, 2, 2, 2, 2, 3, 2, 2, 2, 2, 2, 2, 3, 2, 2, 2, 2, 3, 2, 2, 2, 2, 3, 2, 2, 2, 2, 2, 2, 2, 2, 2, 3, 2, 2, 2, 2, 2, 2, 2, 2, 2, 2, 2, 2, 2, 2, 2, 2, 2, 2, 2, 2, 2, 2, 2, 2, 2, 2, 2, 2, 2, 2, 2, 2, 3, 2, 2, 2, 2, 2, 2, 4, 2, 2, 2, 3, 2, 2, 2, 4, 2, 3, 2, 3, 2, 2, 2, 2, 3, 2, 2, 2, 2, 2, 2, 2, 2, 2, 2, 2, 2, 2, 2, 2, 2, 2, 2, 2, 2, 3, 2, 2, 2, 2, 2, 2, 2, 2, 2, 2, 2, 2, 2, 2, 2, 2, 2, 2, 2, 2, 2, 2, 2, 2, 2, 2, 2, 2, 2, 2, 2, 2]

Graph 2 Raw Data (number of nodes per connected component):
1979400,2,2,3,2,2,3,3,2,2,2,3,2,5,8,2,2,2,32,2,2,2,2,2,2,10,4,2,3,2,7,2,2,5,2,3,3,3,3,2,7,2,2,2,2,2,24,2,3,12,2,2,2,11,66,4,2,2,2,2,2,4,2,2,3,3,2,3,3,2,2,8,3,2,3,3,2,2,3,2,3,2,2,2,2,2,2,3,2,3,3,2,2,2,3,8,3,2,2,2,2,2,2,2,10,2,2,2,2,17,12,3,2,2,2,2,2,5,3,6,4,2,3,2,2, 4,2,2,25,4,3,2,2,2,2,2,2,4,2,2,42,4,2,6,2,6,2,2,2,2,4,2,2,2,2,2,3,2,2,2,2,10,2,4,2,2,2,2,2,3,17,2,3,2,2,3,2,7,6,2,2,2,2,3,3,2,2,2,2,25,2,2,2,8,11,2,2,2,3,2,3,2,2,7,4,3,5,3,2,9,2,3,2,2,2,2,11,2,3,5,7,3,2,2,2,6,2,4,4,7,2,2,15,7,2,2,2,2,2,2,2,4,57,2,2,7,3,2,5, 8,2,4,2,2,2,2,3,2,2,2,2,2,5,3,3,11,2,2,13,7,2,2,5,2,2,3,2,2,3,2,11,10,2,2,4,2,4,2,5,2,2,2,3,2,2,2,2,2,2,5,3,3,2,4,2,2,2,2,2,2,2,2,4,5,6,2,5,3,16,
2,2,2,2,2,3,3,7,6,4,26,2,2,2,2,2,2,2,4,2,3,4,2,6,2,3,2,2,2,7,5,2,3,4,2,2,2,2,6,2,2,2,4,2,6,2,2,2,2,2,16,2,2,12, 2,2,2,3,2,3,3,2,2,2,3,2,2,5,2,2,8,2,63,2,2,3,2,2,2,2,11,2,2,4,2,5,4,2,2,2,2,2,2,5,2,2,2,2,8,2,2,2,2,2,2,2,2,2,2,2,4,2,4,2,3,2,2,2,2,15,3,5,9,10,2,2,3,5,2,2,38,2,2,2,2,2,2,4,2,2,2,2,3,5,10,2,2,3,7,3,2,2,7,3,28,4,2,3,2,2,2,3,2,3,2,2,2,2,2,2,2,2,2,2,2,2,2,3,2,2,2,3,4,2,2,3,3,4,2,3,2,4,5,3,13,2,2,6,2,2,2,5, crashed